18053100
18053101
18053102
18053103
18053104
18053105
18053110
18053117
18053120
18053121
18053122
18053124
18053128
18054003
18054004
18054005
18054006
18054009
18054010
18054011
18054012
18054013
18054014
18054017
18054019
18054020
18054042
18054043
18054044
18054045
18054046
18054071
18055033
18055034
18055038
18055039
18055040
18055041
18055042
18055043
18055046
18055048
18055049
18055050
18055051
18055052
18055054
18055070
18055071
18056020
18056029
18056030
18056031
18056032
18056033
18056034
18056036
18056037
18056042
18056043
18056044
18056046
18056049
18056050
18056055
18056056
18056057
18056058
18056059
18056060
18056061
18056063
18056066
18056087
18056088
18056111
18056115
18056117
18056122
18057013
18057014
18057015
18057016
18057017
18057021
18057022
18057023
18057024
18057025
18057026
18057030
18057031
18057032
18057033
18057034
18057061
18057072
18057074
18057084
18057087
18057088
18057089
18057090
18057091
18057092
18057101
18057102
18057106
18058007
18058008
18058011
18058012
18058013
18058014
18058015
18058016
18058018
18058025
18058027
18058028
18058029
18058031
18058032
18059006
18059008
18059009
18059010
18059013
18059015
18059016
18059017
18059018
18059021
18059024
18059026
18059053
18059054
18059055
18059056
18059061
18059062
18059063
18059064
18059065
18059066
18059067
18059068
18059069
18059072
18059077
18059078
18060002
18060003
18060006
18060007
18060008
18060012
18060013
18060015
18060016
18060106
18060107
18060110
18060112
18060113
18060114
18060115
18060116
18060117
18060118
18060119
18060120
18061007
18061008
18061012
18061013
18061014
18061022
18061023
18061024
18061027
18061028
18061029
18061032
18061048
18061049
18061051
18061052
18061053
18061055
18061056
18061057
18061058
18061072
18061073
18061074
18061075
18061076
18061077
18061078
18061079
18061087
18061088
18061089
18061090
18061091
18061092
18061093
18061094
18061097
18061098
18061099
18061100
18061101
18061102
18061104
18062001
18062002
18062005
18062006
18062007
18062008
18062009
18062010
18062011
18062012
18062014
18062015
18062016
18062017
18062018
18062021
18062040
18062041
18062043
18062044
18062045
18062046
18062047
18062048
18062052
18062053
18062054
18062055
18062056
18062060
18062061
18062064
18062065
18062068
18062069
18062070
18063004
18063005
18063008
18063009
18063010
18063011
18063012
18063014
18063015
18063016
18063017
18063018
18063019
18063022
18063023
18063033
18063034
18063037
18063052
18063069
18063070
18063071
18063087
18063088
18063089
18063094
18063095
18063096
18063097
18063098
18063099
18063100
18063101
18063103
18063104
18063105
18063117
18063118
18063119
18063120
18064005
18064006
18064007
18064008
18064009
18064010
18065005
18065010
18065011
18065012
18065013
18065014
18065015
18065019
18065020
18065030
18065031
18065032
18065033
18065044
18065045
18065046
18065047
18065060
18065061
18065062
18065067
18065068
18065069
18065070
18065071
18065072
18065074
18065076
18065077
18065079
18065080
18065081
18065082
18065083
18066004
18066005
18066006
18066007
18066008
18066009
18066010
18066011
18066012
18066013
18066016
18066017
18066019
18066020
18066021
18066024
18066028
18066043
18066045
18066046
18066047
18066048
18066052
18066053
18066054
18066055
18067001
18067012
18067013
18067014
18067016
18067017
18067018
18067019
18067021
18067022
18067023
18067024
18067025
18067026
18067028
18067029
18067067
18067071
18067072
18067073
18067074
18067075
18067076
18067077
18067078
18067079
18067080
18067081
18067082
18067084
18067085
18067086
18067087
18067088
18067089
18067090
18067092
18067093
18067095
18067096
18067097
18068008
18068009
18068011
18068012
18068013
18068014
18068015
18068016
18069004
18069005
18069012
18069013
18069019
18069020
18069021
18069023
18069027
18069028
18069029
18069030
18069033
18069034
18069035
18069036
18069037
18069038
18069039
18069040
18069041
18069042
18069043
18069056
18069057
18069059
18069060
18069061
18069062
18069064
18069065
18069073
18070001
18070002
18070004
18070005
18070006
18070007
18070026
18070027
18070029
18070030
18070031
18070032
18070033
18070034
18070040
18070041
18070057
18070058
18070068
18070072
18070073
18070074
18070075
18070076
18070077
18070079
18070080
18070081
18070082
18071001
18071002
18071005
18071006
18071007
18071008
18071009
18071019
18071020
18071023
18071025
18071029
18071032
18071033
18071034
18071035
18071036
18071040
18071041
18071042
18071051
18071052
18071074
18071077
18071078
18071079
18071080
18071081
18071082
18071084
18071085
18071086
18071087
18072001
18072002
18072003
18072005
18072009
18072010
18072016
18072018
18072019
18072020
18072022
18072023
18072024
18072025
18072027
18072028
18072029
18072030
18072031
18072051
18072053
18072054
18072055
18072062
18072063
18073020
18073021
18073022
18073023
18073024
18073025
18073026
18073028
18073029
18073030
18073031
18073032
18073033
18073034
18073042
18073043
18073046
18073056
18073057
18073058
18073059
18074001
18074002
18074003
18074004
18074005
18074006
18074007
18074011
18074012
18074013
18074014
18074015
18074018
18074019
18074020
18074021
18074023
18074024
18074025
18074026
18074027
18074028
18074029
18074030
18074031
18074032
18074050
18074051
18074052
18074053
18074055
18074059
18074060
18075001
18075002
18075003
18075004
18075007
18075008
18075009
18075010
18075011
18075012
18075014
18075015
18075016
18075017
18075018
18075019
18075020
18075078
18075079
18075081
18075082
18075083
18075084
18075085
18075086
18075087
18075088
18075089
18075090
18075091
18075092
18075093
18075094
18076001
18076002
18076006
18076007
18076008
18076009
18076013
18076014
18076023
18076024
18076025
18076026
18076028
18076029
18076030
18076031
18076032
18076033
18076034
18076035
18076057
18076062
18076063
18076064
18076065
18076066
18076067
18076068
18076069
18076070
18076071
18076072
18076073
18076074
18076075
18076079
18077002
18077003
18077004
18077006
18077007
18077010
18077011
18077012
18077013
18077014
18077016
18077031
18077032
18077033
18077034
18077035
18077036
18077037
18077039
18077040
18077041
18077045
18077046
18077047
18078001
18078002
18078004
18078007
18078008
18078010
18078012
18078013
18078014
18078015
18078016
18078021
18078022
18078024
18078025
18078026
18078027
18078028
18078029
18078030
18078033
18078034
18078041
18078043
18078044
18078045
18078046
18078047
18078048
18078049
18078050
18078051
18078052
18078053
18078054
18078056
18078057
18078058
18078066
18078067
18079001
18079002
18079003
18079004
18079005
18079006
18079007
18079008
18079009
18079010
18079013
18079015
18079016
18079030
18079031
18079032
18079036
18079037
18079038
18079039
18079040
18079041
18079042
18079043
18079044
18079045
18079046
18079047
18079048
18079049
18079050
18079051
18079052
18079053
18079054
18079061
18079062
18080001
18080002
18080003
18080004
18080006
18080007
18080008
18080009
18080010
18080015
18080020
18080021
18080022
18080023
18080024
18080025
18080026
18080027
18080029
18080030
18080031
18080034
18080035
18080037
18080038
18080039
18080040
18080048
18080049
18080050
18080051
18080054
18080055
18080056
18080057
18080058
18080059
18080060
18080062
18080063
18080064
18081003
18081004
18081005
18081006
18081007
18081009
18081012
18081013
18081014
18081015
18081017
18081021
18081022
18081024
18081078
18081079
18081080
18081081
18082001
18082002
18082003
18082004
18082006
18082007
18082008
18082009
18082010
18082011
18082012
18082013
18082015
18082016
18082017
18082019
18082032
18082033
18082034
18082039
18082040
18082042
18082043
18082044
18082045
18082046
18082047
18083001
18083002
18083003
18083004
18083006
18083007
18083010
18083011
18083013
18083014
18083015
18083016
18083018
18083019
18083020
18083021
18083022
18083023
18083024
18083025
18083026
18083029
18083030
18083031
18083041
18083042
18083043
18083045
18083046
18083047
18083048
18083063
18083064
18083065
18083066
18083067
18083069
18083070
18083071
18083072
18083073
18083074
18083075
18083076
18083077
18084002
18084003
18084004
18084005
18084007
18084008
18084009
18084010
18084011
18084012
18084013
18084014
18084019
18084020
18084021
18084022
18084023
18084026
18084027
18084028
18084029
18084030
18084031
18084032
18084036
18084037
18084038
18084039
18084040
18084041
18084042
18084045
18084046
18084047
18084048
18084049
18084050
18084051
18084052
18084053
18084054
18084056
18084058
18084059
18084061
18084062
18085001
18085002
18085003
18085008
18085009
18085010
18085011
18085012
18085013
18085014
18085015
18085017
18085018
18085019
18085020
18085021
18085022
18085023
18085024
18085025
18085026
18085033
18085034
18085035
18085036
18085037
18085039
18085040
18085041
18085042
18085043
18085044
18085045
18085046
18085047
18085049
18085050
18085051
18085052
18085054
18085055
18085056
18085057
18085058
18085060
18085061
18086002
18086003
18086004
18086005
18086006
18086014
18086015
18086016
18086017
18086018
18086019
18086020
18086021
18086024
18086025
18086026
18086027
18086028
18086030
18086033
18086034
18086041
18086050
18086052
18086053
18086054
18086057
18087002
18087003
18087004
18087006
18087007
18087008
18087009
18087010
18087011
18087012
18087013
18087014
18087015
18087016
18087017
18087018
18087019
18087020
18087021
18087022
18087023
18087024
18087037
18087038
18087041
18087043
18087044
18087046
18087047
18087048
18087049
18087051
18087052
18087053
18087054
18087055
18087056
18087057
18087058
18087059
18087060
18087061
18087062
18087063
18087066
18087067
18088002
18088003
18088004
18088005
18088006
18088007
18088008
18088009
18088010
18088011
18088012
18088013
18088014
18088015
18088016
18088017
18088038
18088040
18088041
18088042
18089004
18089005
18089006
18089007
18089008
18089009
18089010
18089011
18089012
18089013
18089014
18089015
18089017
18089018
18089047
18089054
18089055
18089063
18089064
18089065
18090001
18090003
18090004
18090005
18090006
18090007
18090008
18090009
18090010
18090011
18090012
18090013
18090014
18090017
18090018
18090019
18090020
18090021
18090022
18090023
18090024
18090025
18090026
18090027
18090045
18090046
18090047
18090055
18090056
18090057
18090058
18090059
18090060
18090061
18090062
18090063
18090064
18090066
18090070
18090071
18090072
18090073
18091002
18091003
18091004
18091005
18091006
18091007
18091008
18091009
18091010
18091011
18091012
18091013
18091014
18091015
18091016
18091017
18091018
18091019
18091024
18091025
18091026
18091027
18091028
18091029
18091030
18091031
18091032
18091033
18091034
18091035
18091037
18091038
18091039
18091040
18091044
18091045
18091046
18091047
18091048
18091049
18091050
18091051
18091052
18091053
18091054
18091055
18091056
18091057
18091058
18091059
18092001
18092002
18092003
18092004
18092005
18092006
18092007
18092008
18092013
18092014
18092015
18092016
18092017
18092018
18092019
18092020
18092021
18092022
18092023
18092024
18092025
18092026
18092027
18092028
18092030
18092032
18092036
18092053
18092054
18092062
18092063
18092064
18092065
18092068
18092069
18092070
18092071
18092072
18092074
18092078
18092079
18092085
18092086
18092098
18092100
18092101
18092102
18093001
18093002
18093003
18093005
18093006
18093008
18093010
18093011
18093012
18093013
18093014
18093015
18093016
18093017
18093022
18093023
18093024
18093025
18093026
18093027
18093028
18093029
18093030
18093031
18093032
18093033
18093034
18093035
18093036
18093038
18093039
18093040
18093041
18093042
18093043
18093050
18094002
18094003
18094004
18094005
18094006
18094007
18094008
18094009
18094010
18094011
18094012
18094013
18094014
18094015
18094016
18094017
18094018
18094019
18094020
18094021
18094022
18094028
18094029
18094030
18094031
18094032
18094033
18094034
18094035
18094036
18094037
18094038
18094039
18094046
18094050
18094051
18094052
18094053
18094054
18094057
18094058
18094059
18094060
18094061
18094062
18094064
18094065
18094066
18094067
18094068
18094069
18094070
18094075
18094076
18094077
18094078
18094079
18094080
18095001
18095002
18095003
18095004
18095005
18095006
18095007
18095008
18095009
18095010
18095011
18095012
18095013
18095014
18095017
18095018
18095019
18095022
18095023
18095024
18095049
18095050
18095052
18095054
18095055
18095056
18095057
18095058
18096001
18096002
18096003
18096005
18096006
18096007
18096008
18096009
18096010
18096011
18096012
18096013
18096014
18096015
18097002
18097003
18097004
18097005
18097006
18097007
18097008
18097009
18097010
18097011
18097012
18097028
18097033
18097035
18097037
18097038
18097039
18097040
18097041
18097042
18097044
18097049
18097051
18097052
18097054
18097057
18097058
18097064
18097065
18098001
18098002
18098005
18098006
18098007
18098008
18098009
18098010
18098011
18098012
18098013
18098014
18098015
18098016
18098017
18098018
18098019
18098020
18098022
18098023
18098027
18098028
18098029
18098030
18098031
18098032
18098033
18098034
18098035
18098036
18098037
18098038
18098039
18098040
18098041
18098042
18098043
18098044
18098047
18098048
18098049
18098052
18098053
18098054
18098055
18099002
18099003
18099004
18099005
18099006
18099007
18099009
18099010
18099011
18099012
18099013
18099014
18099015
18099016
18099017
18099018
18099019
18099024
18099025
18099026
18099027
18099028
18099030
18099031
18099032
18099033
18099034
18099035
18099036
18099037
18099038
18099040
18099041
18099042
18099045
18099046
18099047
18100001
18100002
18100003
18100004
18100007
18100008
18100009
18100010
18100011
18100013
18100014
18100015
18100016
18100017
18100018
18100022
18100023
18100025
18100027
18100029
18100033
18100034
18100043
18100044
18100045
18100046
18100048
18100049
18100050
18100051
18100052
18100053
18100054
18100055
18100056
18100057
18100058
18100059
18100060
18100061
18101002
18101003
18101004
18101005
18101006
18101007
18101008
18101009
18101010
18101011
18101012
18101015
18101016
18101017
18101018
18101019
18101020
18101021
18101022
18101026
18101027
18101028
18101029
18101030
18101031
18101032
18101033
18101034
18101035
18101036
18101037
18101038
18101039
18101040
18101041
18101042
18101043
18101044
18101045
18101046
18101047
18101056
18101057
18102001
18102002
18102003
18102004
18102005
18102007
18102008
18102009
18102010
18102011
18102012
18102013
18102014
18102015
18102016
18102017
18102018
18102021
18102023
18102024
18102067
18102068
18103001
18103003
18103009
18103012
18103013
18103015
18103016
18103017
18103018
18103020
18103021
18103023
18103054
18103055
18103056
18103057
18103058
18103060
18104001
18104002
18104003
18104004
18104005
18104008
18104009
18104010
18104011
18104012
18104013
18104014
18104015
18104016
18104017
18104018
18104019
18104020
18104021
18104022
18104023
18104025
18104026
18104027
18104032
18104033
18104036
18104037
18104038
18104039
18104040
18104041
18104043
18104044
18104045
18104046
18104047
18104048
18105002
18105009
18105010
18105012
18105013
18105014
18105015
18105017
18105018
18105019
18105020
18105021
18105022
18105023
18105024
18105028
18105029
18105030
18105031
18105037
18105038
18105039
18105040
18105041
18105042
18105043
18105044
18105045
18105046
18105047
18105048
18105049
18105051
18105053
18105054
18105055
18105056
18106002
18106004
18106006
18106008
18106009
18106011
18106013
18106019
18106020
18106021
18106023
18106024
18106029
18106030
18106031
18106032
18106033
18106034
18106035
18106036
18106038
18106044
18106045
18106046
18106048
18106054
18106056
18106057
18106058
18106059
18106062
18106063
18106065
18106066
18106067
18106068
18106069
18107002
18107003
18107004
18107005
18107012
18107018
18107023
18107024
18107026
18107027
18107028
18107030
18107031
18107040
18107042
18107043
18107044
18107102
18108003
18108005
18108006
18108007
18108010
18108020
18108022
18108026
18108028
18108029
18108031
18108036
18108037
18108038
18108039
18108046
18108051
18108053
18108080
18108082
18108083
18108084
18108085
18108087
18108088
18108089
18108090
18108091
18108092
18108101
18108102
18109001
18109002
18109008
18109009
18109024
18109025
18109026
18109027
18109032
18109037
18109052
18109053
18109054
18109056
18109057
18109058
18110001
18110002
18110004
18110005
18110014
18110015
18110016
18110017
18110018
18110019
18110020
18110021
18111004
18111005
18111006
18111007
18111008
18111009
18111010
18111011
18111012
18111013
18111014
18111015
18111016
18111019
18111020
18111021
18111022
18111030
18111031
18111032
18111033
18111034
18111035
18111036
18111038
18111039
18111040
18111041
18111042
18111044
18111045
18111047
18111049
18111050
18111051
18111053
18111054
18111055
18112001
18112002
18112003
18112005
18112006
18112007
18112008
18112009
18112010
18112019
18112027
18112028
18112029
18112030
18112031
18112032
18112033
18112034
18112035
18112036
18112037
18112038
18112039
18112040
18112041
18112042
18112043
18112047
18112048
18112049
18113001
18113002
18113003
18113004
18113012
18113013
18113014
18113015
18113016
18113017
18113019
18113025
18113026
18113027
18113028
18113029
18113031
18113032
18113033
18113034
18113035
18113037
18113038
18113040
18113041
18113048
18113049
18113051
18113052
18113053
18113054
18113055
18113057
18113058
18113060
18113061
18114001
18114002
18114005
18114006
18114007
18114008
18114009
18114010
18114011
18114012
18114051
18114052
18114053
18114054
18114055
18114056
18114057
18114059
18114060
18114061
18115001
18115002
18115003
18115004
18115005
18115006
18115007
18115011
18115012
18115013
18115014
18115015
18115016
18115018
18115019
18115020
18115022
18115023
18115026
18115027
18115028
18115029
18115039
18115044
18115045
18115048
18115053
18115054
18116002
18116003
18116004
18116005
18116006
18116034
18116035
18116036
18116042
18116044
18116045
18116046
18116047
18116048
18117001
18117002
18117003
18117008
18117009
18117010
18117012
18117021
18117022
18117023
18117024
18117025
18117026
18117027
18117028
18117074
18117075
18117076
18117077
18117078
18117079
18118001
18118002
18118003
18118004
18118007
18118008
18118009
18118010
18118011
18118013
18118014
18118015
18118016
18118017
18118018
18118019
18118020
18118021
18118025
18118026
18118027
18118036
18118044
18118049
18118051
18119006
18119007
18119016
18119017
18119018
18119019
18119020
18119021
18119022
18119024
18119026
18119028
18119029
18119030
18119032
18119042
18119044
18119045
18119046
18119047
18119053
18119054
18119055
18120001
18120003
18120004
18120005
18120006
18120007
18120008
18120009
18120010
18120013
18120014
18120015
18120017
18120018
18120020
18120027
18120029
18120030
18120032
18120033
18120034
18120035
18120036
18120037
18120038
18120039
18120043
18120044
18120046
18120047
18120048
18120051
18120052
18120060
18120064
18120066
18120068
18121004
18121008
18121009
18121010
18121011
18121012
18121013
18121014
18121015
18121016
18121017
18121018
18121020
18121022
18121023
18121024
18121025
18121028
18121029
18121030
18121031
18121032
18121033
18122008
18122010
18122011
18122014
18122016
18122017
18122018
18122019
18122020
18122021
18122022
18122023
18122025
18122026
18122027
18122028
18122029
18122030
18122039
18122040
18122041
18123002
18123003
18123004
18123005
18123006
18123007
18123010
18123011
18123012
18123013
18123014
18123016
18123017
18123025
18123026
18124002
18124012
18124014
18124015
18124016
18124021
18124022
18124023
18124024
18124025
18124026
18124027
18124028
18125003
18125005
18125006
18125010
18125016
18125017
18125020
18125021
18125022
18125024
18125025
18125027
18125028
18125029
18125030
18125031
18125046
18125047
18125048
18125049
18125050
18125051
18125052
18125053
18125056
18125057
18125058
18126001
18126002
18126003
18126007
18127002
18127012
18127013
18127019
18127025
18127030
18127033
18127035
18127038
18127039
18127041
18127042
18127046
18127048
18127065
18127066
18127071
18127073
18127075
18127077
18127078
18127079
18127080
18127083
18127084
18127086
18127087
18127088
18127089
18127090
18127091
18128001
18128002
18128003
18128004
18128005
18128006
18128007
18128008
18128009
18128010
18128011
18128012
18128016
18128017
18128018
18128020
18128021
18128022
18128023
18128024
18128025
18128027
18128028
18128029
18128030
18128031
18128032
18128033
18128034
18128035
18128050
18128051
18128052
18128053
18128054
18128055
18128056
18128057
18128058
18128059
18129003
18129004
18129005
18129006
18129007
18129008
18129009
18129013
18129014
18129015
18129016
18129017
18129018
18129019
18129023
18129024
18129033
18129036
18129037
18129038
18129039
18129044
18129045
18129049
18129050
18129051
18129052
18129053
18129054
18129055
18129102
18129103
18129104
18129105
18129107
18129108
18129109
18129110
18129111
18129112
18129113
18129114
18130001
18130002
18130003
18130005
18130006
18130007
18130008
18130009
18130010
18130011
18130012
18130018
18130019
18130020
18130021
18130022
18130023
18130024
18130025
18130026
18130028
18130031
18130032
18130035
18130036
18130091
18130092
18130093
18130094
18130095
18130096
18130097
18130098
18131001
18131002
18131003
18131004
18131009
18131010
18131011
18131012
18131013
18131014
18131015
18131016
18131017
18131018
18131019
18131020
18131021
18131022
18131093
18131094
18131095
18131096
18131097
18131098
18132008
18132009
18132011
18132012
18132013
18132020
18132021
18132022
18132024
18132025
18132026
18132032
18132041
18132042
18132059
18132061
18132064
18132065
18133001
18133002
18133003
18133004
18133005
18133006
18133007
18133008
18133009
18133010
18133012
18133017
18133036
18133040
18133041
18133042
18133043
18133044
18133045
18133046
18133047
18133048
18133049
18133050
18133051
18133053
18133054
18134002
18134003
18134004
18134005
18134006
18134009
18134011
18134012
18134013
18134014
18134015
18134017
18134018
18134019
18134029
18134030
18134034
18134035
18134037
18134038
18134040
18134042
18134043
18134044
18134045
18134046
18134047
18134048
18134049
18134050
18134051
18134053
18134054
18135001
18135002
18135003
18135004
18135005
18135007
18135008
18135009
18135010
18135011
18135012
18135013
18135014
18135018
18135019
18135020
18135021
18135024
18135026
18135027
18135028
18135031
18135033
18135034
18135035
18135036
18135037
18135038
18135039
18135048
18135050
18135052
18135053
18135054
18135055
18135056
18135057
18135059
18135060
18135061
18135062
18135063
18135064
18135065
18136001
18136002
18136006
18136007
18136008
18136009
18136010
18136011
18136012
18136013
18136014
18136015
18136016
18136017
18136018
18136019
18136020
18136021
18136022
18136023
18136024
18136032
18136033
18136034
18136036
18136037
18136040
18136041
18136042
18136044
18136045
18136046
18136047
18136048
18136049
18136050
18136051
18136052
18137004
18137005
18137006
18137007
18137008
18137009
18137010
18137011
18137012
18137013
18137014
18137015
18137016
18137017
18137018
18137019
18137020
18137025
18137027
18137028
18137029
18138003
18138004
18138005
18138006
18138007
18138008
18138009
18138010
18138011
18138012
18138013
18138025
18138026
18138027
18138028
18138029
18138030
18138031
18138034
18138035
18138036
18138037
18139001
18139002
18139003
18139004
18139005
18139010
18139011
18139012
18139013
18139014
18139017
18139019
18139020
18139021
18139022
18139029
18139030
18139033
18139034
18139035
18139036
18139037
18139038
18139039
18139041
18139042
18139043
18139059
18139060
18139061
18139063
18139064
18139066
18139067
18140001
18140002
18140003
18140007
18140008
18140009
18140010
18140011
18140012
18140013
18140016
18140018
18140019
18140020
18140021
18140022
18140023
18140024
18140025
18140026
18140027
18140028
18140029
18140030
18140034
18140036
18140037
18140039
18140040
18140041
18140048
18140049
18140054
18140055
18140056
18140057
18140058
18140059
18140060
18141001
18141002
18141003
18141004
18141007
18141008
18141010
18141011
18141012
18141013
18141015
18141016
18141017
18141019
18141025
18141026
18141027
18141030
18141031
18141032
18141033
18141034
18141035
18141036
18141037
18141038
18141039
18141040
18141041
18141042
18141043
18141044
18141045
18141046
18141053
18141054
18141055
18141057
18141062
18141065
18141067
18142001
18142002
18142005
18142018
18142019
18142020
18142021
18142022
18142023
18142024
18142025
18142026
18142027
18142029
18142030
18142031
18142032
18142033
18142034
18142036
18142037
18142038
18142039
18142040
18142041
18142056
18142057
18142059
18142060
18142065
18142066
18142067
18142068
18142069
18142082
18142083
18143001
18143002
18143003
18143005
18143006
18143007
18143008
18143009
18143010
18143011
18143012
18143027
18143029
18143031
18143032
18143033
18143034
18143035
18143036
18143037
18143038
18143039
18143040
18143041
18143042
18143043
18143044
18143045
18143046
18143055
18143056
18143057
18143058
18144001
18144002
18144003
18144004
18144005
18144006
18144007
18144010
18144011
18144012
18144014
18144015
18145029
18145030
18146001
18146002
18146003
18146004
18146005
18146007
18146008
18146009
18146010
18146011
18146012
18146018
18146019
18146020
18146021
18146022
18146024
18146025
18146026
18146027
18146028
18146030
18146031
18146032
18146033
18146035
18146036
18146039
18146040
18146042
18146043
18146045
18146046
18146047
18146048
18146049
18147001
18147002
18147003
18147004
18147005
18147006
18147007
18147008
18147009
18147010
18147011
18147012
18147013
18147014
18147022
18147023
18147024
18147025
18147026
18147033
18147034
18147035
18147036
18147037
18147038
18147039
18147040
18147041
18147042
18147043
18147044
18147045
18147046
18147048
18147049
18147052
18147053
18148001
18148002
18148004
18148005
18148006
18148007
18148008
18148009
18148010
18148011
18148012
18148013
18148014
18148015
18148016
18148017
18148019
18148020
18148022
18148023
18148028
18148030
18148031
18148032
18148033
18148034
18148035
18148037
18148038
18148039
18148044
18148045
18148046
18148047
18148048
18148051
18148053
18148054
18148058
18148059
18148060
18148061
18148062
18148063
18148064
18148065
18148066
18148067
18148068
18148069
18149002
18149003
18149004
18149005
18149006
18149008
18149009
18149010
18149012
18149016
18149017
18149018
18149019
18149020
18149021
18149022
18149025
18149026
18149027
18149028
18149029
18149030
18149038
18149039
18149041
18149042
18149043
18149045
18149046
18149048
18149049
18149050
18149051
18149052
18149055
18149056
18149057
18149060
18149063
18149064
18149065
18149067
18149068
18149069
#EOF